0 7 247 40 80 254 163 30 77 225 137 27 57 96 160 26 70 211 183 20 57 283 134 19 45 498 270 39 48 182 62 13 65 364 231 32 48 403 257 34 62 
1 10 249 43 77 225 137 27 58 254 165 30 75 96 161 26 69 281 133 22 57 209 183 22 57 498 270 39 48 182 61 13 66 364 231 32 48 403 257 34 62 
2 11 249 44 76 225 136 27 59 254 163 30 79 281 133 22 57 96 161 26 69 209 183 21 58 498 270 39 48 364 231 32 49 182 62 13 64 403 257 34 62 
3 13 248 45 77 253 160 31 82 225 137 28 58 283 134 22 47 96 161 26 69 208 182 22 60 182 62 13 65 498 270 39 48 364 231 32 49 403 257 34 62 216 79 17 54 
4 14 247 48 78 253 159 32 84 225 136 28 59 284 135 22 46 96 161 26 69 207 182 23 60 182 62 14 65 498 270 39 48 364 231 32 48 403 257 34 62 213 79 25 59 
5 16 248 50 76 253 159 31 83 225 136 28 59 285 135 22 46 96 162 26 67 182 61 15 66 206 180 22 62 498 270 39 48 364 231 32 48 404 256 33 63 213 79 25 60 
6 14 249 57 75 253 158 31 84 225 137 28 57 96 161 26 69 286 135 21 46 182 62 15 63 204 179 23 63 498 270 39 48 364 230 32 49 404 256 33 63 175 130 32 59 
7 253 157 30 86 15 248 56 76 225 136 28 59 96 161 26 68 182 62 16 64 203 181 23 60 288 135 23 56 498 270 39 48 364 231 32 48 404 256 33 63 175 130 32 60 
8 252 156 31 88 18 248 49 76 225 136 28 59 96 161 26 69 182 62 16 64 203 182 23 59 289 135 22 57 498 270 39 48 364 231 33 48 404 256 33 63 175 131 32 59 
9 251 156 32 88 19 247 48 78 226 136 27 59 96 160 26 70 182 62 16 64 290 133 20 53 202 182 23 59 498 270 39 48 364 231 32 48 404 257 33 62 269 146 20 48 475 68 31 53 174 131 32 58 
10 250 156 33 88 21 248 45 77 225 137 28 57 96 160 26 70 183 63 15 61 290 137 23 56 201 184 24 58 498 270 39 48 364 231 33 48 404 256 33 63 
11 21 247 45 78 248 176 28 69 226 136 26 57 96 160 26 70 183 64 17 59 290 136 24 58 498 270 39 48 405 256 32 63 200 184 23 57 365 231 32 48 
12 22 247 43 77 225 136 27 58 248 160 33 84 96 160 26 70 183 64 17 59 198 184 25 58 405 256 32 63 293 136 22 58 498 270 39 48 365 231 31 48 175 130 33 59 
13 23 245 42 81 246 162 35 81 226 136 26 58 96 160 27 70 183 62 17 63 295 135 22 59 498 270 39 48 405 256 32 63 365 231 31 48 175 130 33 59 
14 27 249 42 73 246 175 30 71 225 136 27 57 96 160 26 70 297 143 19 43 183 61 17 64 498 270 39 48 405 256 32 63 365 231 31 47 175 130 33 59 190 184 26 56 
15 28 249 40 73 244 175 32 71 226 136 26 57 96 161 26 69 301 141 19 46 184 63 17 59 498 270 39 48 405 256 32 64 270 152 24 48 365 231 31 47 176 131 32 58 
16 29 247 39 76 243 177 33 68 225 136 26 57 301 142 20 46 96 161 26 69 184 64 17 57 498 270 39 48 405 256 32 63 365 231 31 47 271 153 25 47 176 131 32 58 
17 31 247 37 76 243 178 32 67 303 139 18 52 225 137 26 55 94 160 30 62 185 64 16 57 498 270 39 47 405 256 32 63 365 231 32 47 432 58 23 59 270 154 22 35 194 190 19 50 
18 33 248 36 73 242 177 33 68 225 137 27 54 305 139 17 54 96 161 26 69 498 270 39 48 185 64 16 56 405 256 32 63 365 231 32 47 270 155 22 33 432 57 23 61 
19 36 247 33 75 240 177 34 68 303 140 21 61 225 137 26 54 94 160 30 61 498 270 39 47 365 231 32 47 405 256 32 63 183 67 25 51 271 155 21 32 270 158 26 55 
20 36 245 33 75 240 176 33 68 305 141 20 62 226 137 25 53 96 161 27 69 271 157 25 57 498 270 39 48 183 66 27 52 365 230 32 49 405 257 33 62 188 185 23 56 
21 38 246 30 72 305 143 22 59 240 178 33 66 226 137 25 54 96 161 27 69 271 158 25 56 186 186 24 55 498 270 39 47 365 230 32 49 184 66 27 52 405 257 33 62 
22 39 246 31 72 308 143 19 56 240 179 31 65 226 137 25 54 96 161 27 69 186 187 24 55 498 270 39 47 272 158 24 55 365 230 32 49 184 66 28 53 405 257 33 62 
23 40 246 32 73 240 178 31 67 306 148 23 52 226 138 25 53 96 161 27 69 186 187 24 55 498 270 39 48 365 231 32 48 271 158 25 54 405 257 33 62 184 66 29 52 
24 41 245 32 74 239 178 33 68 185 188 25 55 227 137 24 54 96 161 27 69 309 148 25 52 366 230 31 49 498 270 39 47 459 223 36 61 273 157 21 31 405 257 33 63 271 160 25 52 
25 42 245 32 74 240 178 32 68 184 188 26 55 227 137 24 54 97 161 26 69 310 150 25 51 366 230 31 49 498 270 39 47 459 223 36 61 405 257 33 63 272 160 24 52 190 60 17 57 
26 43 244 35 75 240 178 31 68 227 137 24 55 184 188 25 55 312 153 21 45 96 161 27 68 367 230 30 49 498 269 40 48 460 223 34 60 191 60 17 57 405 257 33 63 
27 44 244 38 75 240 178 31 69 314 152 20 47 227 137 25 55 184 189 25 54 96 161 27 68 366 230 32 49 498 269 40 49 459 222 36 61 274 161 23 51 405 257 33 62 
28 45 245 40 73 317 152 18 48 242 178 29 69 227 137 24 56 97 162 26 67 184 190 25 53 236 182 24 64 367 230 31 49 499 269 38 49 276 160 24 53 460 223 35 60 220 82 28 60 405 257 33 62 192 60 17 56 
29 318 153 19 47 45 245 41 74 241 177 30 71 227 137 25 56 95 161 29 60 183 190 25 53 367 230 31 49 276 162 24 52 193 60 17 56 499 270 39 47 459 222 36 61 405 257 34 62 477 126 20 38 
30 48 245 47 71 319 153 19 46 242 177 29 71 227 136 24 58 95 161 29 60 182 191 26 52 278 161 23 54 366 230 32 49 237 181 23 66 193 59 17 57 499 270 39 47 459 222 37 61 
31 48 244 47 72 320 154 19 45 243 176 30 73 228 136 23 58 279 162 23 55 95 161 29 60 180 191 27 51 193 58 17 59 366 230 32 49 236 181 23 65 499 270 39 47 180 200 30 44 
32 49 244 46 71 320 154 19 47 280 162 23 55 243 175 31 74 228 136 24 58 97 162 26 67 179 191 27 52 193 56 18 63 236 180 23 68 366 230 32 49 499 269 38 48 459 220 37 64 
33 50 243 45 72 281 162 23 55 243 175 32 74 228 136 24 58 97 162 26 67 178 190 26 53 322 155 21 55 367 230 32 49 236 180 23 69 193 58 18 59 499 269 38 48 
34 50 244 45 71 242 176 32 74 280 163 24 54 228 137 24 57 97 162 26 67 177 189 25 55 323 155 22 56 367 230 32 49 236 180 23 70 194 59 17 56 
35 51 244 45 70 280 162 24 55 228 137 24 58 242 175 32 76 97 162 26 67 176 189 26 55 324 156 22 55 235 180 25 70 366 230 33 49 194 59 17 56 250 171 29 62 177 131 32 58 
