0.00 6.20 19.13 20.68 0.00 0.00 0.00 0.00 0.00 0.00 0.00 0.00 0.00 0.00 0.00 0.00 0.00 0.00 0.00 0.00 
0.00 0.00 11.22 5.27 4.66 0.00 0.00 0.00 0.00 0.00 0.00 0.00 0.00 0.00 0.00 0.00 0.00 0.98 0.29 0.46 
0.00 0.00 1.68 2.85 1.79 4.41 2.30 0.00 0.00 0.00 0.00 0.00 0.00 0.00 0.00 0.00 0.00 0.40 0.00 1.88 
0.00 0.00 0.00 0.00 0.00 0.00 4.96 0.71 13.82 0.00 0.00 0.00 0.00 2.11 0.77 0.00 0.90 3.22 0.81 0.00 
0.00 0.00 0.00 0.00 0.00 0.00 1.21 0.00 16.41 0.00 0.00 0.00 4.05 8.35 0.00 0.00 1.29 0.31 0.00 0.00 
0.00 0.00 0.00 0.00 0.00 0.00 12.39 79.51 37.51 10.49 7.98 4.64 1.17 6.72 0.00 0.00 0.00 0.00 0.00 0.00 
0.00 0.00 0.00 39.47 0.29 1.26 1.06 0.00 7.54 8.99 9.43 18.90 31.66 1.93 0.00 0.00 0.00 0.00 0.00 0.00 
0.00 0.00 9.80 11.06 8.34 15.11 31.10 13.51 47.35 10.58 13.46 2.18 5.35 5.20 5.12 15.19 0.00 0.00 0.00 0.00 
0.00 1.57 10.69 11.34 35.63 9.09 20.56 3.62 0.14 0.00 0.00 1.74 1.07 1.24 11.47 7.71 43.45 0.00 0.00 0.00 
9.85 9.08 11.08 18.12 3.67 0.00 0.00 0.00 0.00 0.00 0.00 0.00 15.33 109.09 32.14 11.65 11.26 0.00 0.28 0.00 
1.71 6.08 1.01 0.00 0.00 0.00 0.00 0.00 0.00 0.00 0.00 0.00 0.00 0.00 66.09 0.00 9.63 5.23 15.00 6.34 
0.00 0.00 0.00 0.00 0.00 0.00 0.00 0.00 0.00 0.00 0.00 0.00 0.00 0.00 0.00 0.00 2.52 0.59 0.00 0.00 
